{"nbformat":4,"nbformat_minor":0,"metadata":{"colab":{"name":"tmhmm tutorial.ipynb","provenance":[],"collapsed_sections":[],"authorship_tag":"ABX9TyPxzB/duAz3rjbygFNbaS01"},"kernelspec":{"name":"python3","display_name":"Python 3"},"language_info":{"name":"python"}},"cells":[{"cell_type":"markdown","metadata":{"id":"izivpyiszRnW"},"source":["# How to use tmhmm.py as a Python library"]},{"cell_type":"code","metadata":{"colab":{"base_uri":"https://localhost:8080/"},"id":"PwD7WfHN9m_U","executionInfo":{"status":"ok","timestamp":1629739340262,"user_tz":-120,"elapsed":15218,"user":{"displayName":"Nicola Gulmini","photoUrl":"https://lh3.googleusercontent.com/a-/AOh14GiRSJO1pD88AsDH3UdbhNdHDtzum41rsWGwWB_J6w=s64","userId":"02235667290947110441"}},"outputId":"c1624db6-22d3-4338-d2c0-a0e0046b8bbb"},"source":["!python -m pip install git+https://github.com/nicolagulmini/tmhmm.py\n","!pip install Bio"],"execution_count":null,"outputs":[{"output_type":"stream","text":["Collecting git+https://github.com/nicolagulmini/tmhmm.py\n","  Cloning https://github.com/nicolagulmini/tmhmm.py to /tmp/pip-req-build-umr50l0e\n","  Running command git clone -q https://github.com/nicolagulmini/tmhmm.py /tmp/pip-req-build-umr50l0e\n","Requirement already satisfied: numpy>=1.9 in /usr/local/lib/python3.7/dist-packages (from tmhmm.py==1.3.1) (1.19.5)\n","Building wheels for collected packages: tmhmm.py\n","  Building wheel for tmhmm.py (setup.py) ... \u001b[?25l\u001b[?25hdone\n","  Created wheel for tmhmm.py: filename=tmhmm.py-1.3.1-cp37-cp37m-linux_x86_64.whl size=160105 sha256=cbbf2a10b6bb409e681fcae3d9fa5fd025eb0c4aa81e44a9516e80d30b426dcd\n","  Stored in directory: /tmp/pip-ephem-wheel-cache-zjzs3b_m/wheels/fe/53/f7/6b6ddefd0b816f60565cde13047c58f306cba76c21e9035db6\n","Successfully built tmhmm.py\n","Installing collected packages: tmhmm.py\n","Successfully installed tmhmm.py-1.3.1\n","Collecting Bio\n","  Downloading bio-0.7.4-py3-none-any.whl (80 kB)\n","\u001b[K     |████████████████████████████████| 80 kB 7.4 MB/s \n","\u001b[?25hRequirement already satisfied: plac in /usr/local/lib/python3.7/dist-packages (from Bio) (1.1.3)\n","Collecting biopython>=1.79\n","  Downloading biopython-1.79-cp37-cp37m-manylinux_2_5_x86_64.manylinux1_x86_64.whl (2.3 MB)\n","\u001b[K     |████████████████████████████████| 2.3 MB 17.3 MB/s \n","\u001b[?25hRequirement already satisfied: requests in /usr/local/lib/python3.7/dist-packages (from Bio) (2.23.0)\n","Requirement already satisfied: tqdm>=4.62 in /usr/local/lib/python3.7/dist-packages (from Bio) (4.62.0)\n","Requirement already satisfied: numpy in /usr/local/lib/python3.7/dist-packages (from biopython>=1.79->Bio) (1.19.5)\n","Requirement already satisfied: idna<3,>=2.5 in /usr/local/lib/python3.7/dist-packages (from requests->Bio) (2.10)\n","Requirement already satisfied: certifi>=2017.4.17 in /usr/local/lib/python3.7/dist-packages (from requests->Bio) (2021.5.30)\n","Requirement already satisfied: urllib3!=1.25.0,!=1.25.1,<1.26,>=1.21.1 in /usr/local/lib/python3.7/dist-packages (from requests->Bio) (1.24.3)\n","Requirement already satisfied: chardet<4,>=3.0.2 in /usr/local/lib/python3.7/dist-packages (from requests->Bio) (3.0.4)\n","Installing collected packages: biopython, Bio\n","Successfully installed Bio-0.7.4 biopython-1.79\n"],"name":"stdout"}]},{"cell_type":"code","metadata":{"id":"F_H1WUOi97Da"},"source":["import tmhmm\n","from Bio import SeqIO"],"execution_count":null,"outputs":[]},{"cell_type":"code","metadata":{"colab":{"base_uri":"https://localhost:8080/"},"id":"Wnl3lBejC3UV","executionInfo":{"status":"ok","timestamp":1629739341326,"user_tz":-120,"elapsed":1068,"user":{"displayName":"Nicola Gulmini","photoUrl":"https://lh3.googleusercontent.com/a-/AOh14GiRSJO1pD88AsDH3UdbhNdHDtzum41rsWGwWB_J6w=s64","userId":"02235667290947110441"}},"outputId":"666bd5c5-1447-4e78-862c-f2c9984f961a"},"source":["!rm -r spaan\n","!git clone git://github.com/nicolagulmini/spaan\n","proteins = list(SeqIO.parse(\"spaan/data/original_adh_dataset.fasta\", \"fasta\")) # take arbitrary proteins"],"execution_count":null,"outputs":[{"output_type":"stream","text":["rm: cannot remove 'spaan': No such file or directory\n","Cloning into 'spaan'...\n","remote: Enumerating objects: 189, done.\u001b[K\n","remote: Counting objects: 100% (189/189), done.\u001b[K\n","remote: Compressing objects: 100% (148/148), done.\u001b[K\n","remote: Total 189 (delta 105), reused 92 (delta 38), pack-reused 0\u001b[K\n","Receiving objects: 100% (189/189), 5.63 MiB | 28.27 MiB/s, done.\n","Resolving deltas: 100% (105/105), done.\n"],"name":"stdout"}]},{"cell_type":"code","metadata":{"colab":{"base_uri":"https://localhost:8080/"},"id":"RxG_XC6Q9_SD","executionInfo":{"status":"ok","timestamp":1629739381608,"user_tz":-120,"elapsed":40283,"user":{"displayName":"Nicola Gulmini","photoUrl":"https://lh3.googleusercontent.com/a-/AOh14GiRSJO1pD88AsDH3UdbhNdHDtzum41rsWGwWB_J6w=s64","userId":"02235667290947110441"}},"outputId":"290b27ff-6313-40aa-cff2-a528dff6d466"},"source":["annotations, posteriors = [], []\n","for protein in proteins: # to do with a group of proteins\n","    annotation, posterior = tmhmm.predict(protein.seq)\n","    annotations.append(annotation)\n","    posteriors.append(posterior)\n","\n","print(annotations[0])\n","print(posteriors[0])"],"execution_count":null,"outputs":[{"output_type":"stream","text":["/usr/local/lib/python3.7/dist-packages/tmhmm/api.py:20: RuntimeWarning: divide by zero encountered in log\n","  _, path = viterbi(sequence, *model)\n"],"name":"stderr"},{"output_type":"stream","text":["OOOOOOOOOOOOOOOOOOOOOOOOOOOOOOOOOOOOOOOOOOOOOOOOOOOOOOOOOOOOOOOOOOOOOOOOOOOOOOOOOOOOOOOOOOOOOOOOOOOOOOOOOOOOOOOOOOOOOOOOOOOOOOOOOOOOOOOOOOOOOOOOOOOOOOOOOOOOOOOOOOOOOOOOOOOOOOOOOOOOOOOOOOOOOOOOOOOOOOOOOOOOOOOOOOOOOOOOOOOOOOOOOOOOOOOOOOOOOOOOOOOOOOOOOOOOOOOOOOOOOOOOOOOOOOOOOOOOOOOOOOOOOOOOOOOOOOOOOOOO\n","[[4.24074203e-01 0.00000000e+00 5.75925797e-01]\n"," [5.39625250e-01 4.71443069e-05 4.60327606e-01]\n"," [5.36751312e-01 3.54027664e-04 4.62894661e-01]\n"," [3.92271169e-01 4.70469486e-02 5.60681882e-01]\n"," [8.31028974e-02 3.89619708e-01 5.27277394e-01]\n"," [2.90203279e-02 5.58209239e-01 4.12770434e-01]\n"," [2.73399108e-02 3.07612794e-01 6.65047295e-01]\n"," [1.00732844e-02 5.95818820e-01 3.94107895e-01]\n"," [1.26733434e-02 6.74691506e-01 3.12635151e-01]\n"," [1.11394463e-02 6.97949131e-01 2.90911422e-01]\n"," [1.74640043e-02 5.80541746e-01 4.01994250e-01]\n"," [1.48493018e-02 6.42520071e-01 3.42630627e-01]\n"," [1.14079809e-02 7.25336905e-01 2.63255114e-01]\n"," [2.04495619e-02 5.07648193e-01 4.71902245e-01]\n"," [1.46877855e-02 6.46371017e-01 3.38941197e-01]\n"," [1.14331870e-02 7.24730029e-01 2.63836784e-01]\n"," [2.04863349e-02 5.06760798e-01 4.72752867e-01]\n"," [2.05349512e-02 5.05559223e-01 4.73905826e-01]\n"," [2.46908722e-02 4.07850368e-01 5.67458760e-01]\n"," [2.60092136e-02 3.78692755e-01 5.95298031e-01]\n"," [2.51801375e-02 3.97875822e-01 5.76944041e-01]\n"," [2.65025275e-02 4.83679738e-01 4.89817735e-01]\n"," [4.68440450e-02 3.24265042e-02 9.20729451e-01]\n"," [5.10156108e-02 3.13587626e-02 9.17625627e-01]\n"," [4.51727485e-02 2.27972902e-01 7.26854349e-01]\n"," [3.64849060e-02 2.26169955e-01 7.37345139e-01]\n"," [4.57439870e-02 1.77275647e-01 7.76980366e-01]\n"," [3.95829116e-02 2.62140002e-03 9.57795688e-01]\n"," [3.95753902e-02 1.76721839e-04 9.60247888e-01]\n"," [4.17736516e-02 4.16732828e-06 9.58222181e-01]\n"," [3.65873210e-02 4.47360718e-05 9.63367943e-01]\n"," [4.24697289e-02 7.59836941e-06 9.57522673e-01]\n"," [4.05351929e-02 1.42769321e-04 9.59322038e-01]\n"," [3.69774025e-02 3.91975902e-04 9.62630622e-01]\n"," [3.93292591e-02 9.36343116e-06 9.60661377e-01]\n"," [3.96547010e-02 7.11708651e-04 9.59633590e-01]\n"," [4.21477087e-02 5.98177484e-04 9.57254114e-01]\n"," [4.08866854e-02 2.12142169e-04 9.58901172e-01]\n"," [4.08662951e-02 1.27599148e-04 9.59006106e-01]\n"," [4.08251351e-02 8.50854972e-04 9.58324010e-01]\n"," [4.08561333e-02 1.28604291e-04 9.59015262e-01]\n"," [4.08219740e-02 9.61079643e-04 9.58216946e-01]\n"," [4.08339419e-02 6.67186535e-04 9.58498872e-01]\n"," [4.08506637e-02 2.60177324e-04 9.58889159e-01]\n"," [4.08611207e-02 1.11173527e-05 9.59127762e-01]\n"," [4.08351435e-02 6.47457651e-04 9.58517399e-01]\n"," [4.08340355e-02 6.79523369e-04 9.58486441e-01]\n"," [4.08624646e-02 1.62026394e-05 9.59121333e-01]\n"," [4.08618043e-02 1.10039597e-04 9.59028156e-01]\n"," [4.08393424e-02 7.39049963e-04 9.58421608e-01]\n"," [4.08929220e-02 2.50991947e-04 9.58856086e-01]\n"," [4.09396539e-02 1.03511533e-04 9.58956835e-01]\n"," [4.09714251e-02 2.12747953e-06 9.59026447e-01]\n"," [4.13402240e-02 1.98438192e-06 9.58657792e-01]\n"," [4.10216490e-02 4.00772879e-06 9.58974343e-01]\n"," [4.10226411e-02 3.11882637e-06 9.58974240e-01]\n"," [4.10254719e-02 1.18005011e-05 9.58962728e-01]\n"," [4.10986190e-02 2.29227133e-06 9.58899089e-01]\n"," [4.11466461e-02 4.31865426e-06 9.58849035e-01]\n"," [4.10706212e-02 4.72716449e-06 9.58924652e-01]\n"," [4.10375369e-02 3.47520681e-06 9.58958988e-01]\n"," [4.10318970e-02 2.51116212e-07 9.58967852e-01]\n"," [4.10731343e-02 2.73547849e-06 9.58924130e-01]\n"," [4.10714486e-02 5.24513437e-07 9.58928027e-01]\n"," [4.10718527e-02 1.70812454e-09 9.58928146e-01]\n"," [4.10723571e-02 9.06135393e-10 9.58927642e-01]\n"," [4.10725106e-02 3.31914754e-09 9.58927486e-01]\n"," [4.10740923e-02 2.75443951e-09 9.58925905e-01]\n"," [4.10737083e-02 3.80029976e-10 9.58926291e-01]\n"," [4.10747379e-02 2.46671551e-08 9.58925237e-01]\n"," [4.10739032e-02 2.06688169e-09 9.58926095e-01]\n"," [4.10739364e-02 3.76582985e-08 9.58926026e-01]\n"," [4.10741719e-02 3.50380271e-07 9.58925478e-01]\n"," [4.10740887e-02 1.75508812e-07 9.58925736e-01]\n"," [4.10743344e-02 3.18810174e-07 9.58925347e-01]\n"," [4.10743430e-02 9.33960997e-08 9.58925564e-01]\n"," [4.10740524e-02 7.60787763e-06 9.58918340e-01]\n"," [4.10744374e-02 8.73162648e-07 9.58924689e-01]\n"," [4.10742634e-02 5.44478546e-06 9.58920292e-01]\n"," [4.10741100e-02 9.81161930e-06 9.58916078e-01]\n"," [4.10744188e-02 2.24306329e-06 9.58923338e-01]\n"," [4.10744968e-02 3.04042290e-07 9.58925199e-01]\n"," [4.10742275e-02 7.42501848e-06 9.58918347e-01]\n"," [4.10745181e-02 2.83495559e-07 9.58925198e-01]\n"," [4.10739810e-02 1.31901315e-05 9.58912829e-01]\n"," [4.10737968e-02 1.76612631e-05 9.58908542e-01]\n"," [4.10741944e-02 7.98178452e-06 9.58917824e-01]\n"," [4.10739696e-02 1.34546155e-05 9.58912576e-01]\n"," [4.10744585e-02 1.57688280e-06 9.58923965e-01]\n"," [4.10743193e-02 5.07098010e-06 9.58920610e-01]\n"," [4.10739614e-02 1.41229037e-05 9.58911916e-01]\n"," [4.10744593e-02 4.84008624e-06 9.58920701e-01]\n"," [4.10742230e-02 1.36063187e-05 9.58912171e-01]\n"," [4.10755146e-02 2.20257102e-07 9.58924265e-01]\n"," [4.10757662e-02 1.93709169e-07 9.58924040e-01]\n"," [4.10761228e-02 7.11545371e-06 9.58916762e-01]\n"," [4.10761360e-02 7.58246418e-06 9.58916281e-01]\n"," [4.10794153e-02 8.91818894e-08 9.58920496e-01]\n"," [4.10852311e-02 1.59560417e-07 9.58914609e-01]\n"," [4.10780227e-02 1.56130579e-06 9.58920416e-01]\n"," [4.10783060e-02 8.75198747e-07 9.58920819e-01]\n"," [4.10776287e-02 7.80643224e-09 9.58922363e-01]\n"," [4.10801999e-02 1.31329004e-08 9.58919787e-01]\n"," [4.10801543e-02 2.12909464e-09 9.58919844e-01]\n"," [4.10790080e-02 1.25408863e-09 9.58920991e-01]\n"," [4.10790148e-02 6.36218831e-11 9.58920985e-01]\n"," [4.10791312e-02 4.01406343e-09 9.58920865e-01]\n"," [4.10795268e-02 6.94977293e-11 9.58920473e-01]\n"," [4.10795762e-02 3.68513487e-09 9.58920420e-01]\n"," [4.10795847e-02 3.91401111e-09 9.58920411e-01]\n"," [4.10795649e-02 1.09078924e-10 9.58920435e-01]\n"," [4.10796760e-02 4.23883617e-09 9.58920320e-01]\n"," [4.10796933e-02 9.17262040e-10 9.58920306e-01]\n"," [4.10796980e-02 6.58089626e-10 9.58920301e-01]\n"," [4.10796994e-02 1.72699516e-09 9.58920299e-01]\n"," [4.10796990e-02 8.06446847e-09 9.58920293e-01]\n"," [4.10796992e-02 1.45331111e-10 9.58920301e-01]\n"," [4.10796992e-02 3.34773548e-09 9.58920297e-01]\n"," [4.10796990e-02 5.83058123e-09 9.58920295e-01]\n"," [4.10796992e-02 7.73413822e-10 9.58920300e-01]\n"," [4.10796990e-02 5.80272054e-09 9.58920295e-01]\n"," [4.10796996e-02 1.01194220e-10 9.58920300e-01]\n"," [4.10796997e-02 9.39609091e-11 9.58920300e-01]\n"," [4.10796996e-02 8.54595650e-10 9.58920300e-01]\n"," [4.10796996e-02 8.90388931e-11 9.58920300e-01]\n"," [4.10796996e-02 4.46188379e-09 9.58920296e-01]\n"," [4.10796992e-02 1.55510951e-08 9.58920285e-01]\n"," [4.10797000e-02 6.79483167e-10 9.58920299e-01]\n"," [4.10796998e-02 4.41919630e-09 9.58920296e-01]\n"," [4.10797001e-02 6.60567134e-09 9.58920293e-01]\n"," [4.10796995e-02 2.40889492e-08 9.58920276e-01]\n"," [4.10796990e-02 3.94055881e-08 9.58920262e-01]\n"," [4.10796990e-02 4.01631421e-08 9.58920261e-01]\n"," [4.10797012e-02 9.41120621e-10 9.58920298e-01]\n"," [4.10796997e-02 3.91005565e-08 9.58920261e-01]\n"," [4.10797027e-02 8.17890963e-10 9.58920296e-01]\n"," [4.10797017e-02 3.23942064e-09 9.58920295e-01]\n"," [4.10796998e-02 3.98803934e-08 9.58920260e-01]\n"," [4.10797021e-02 3.12387743e-08 9.58920267e-01]\n"," [4.10797030e-02 1.01212574e-09 9.58920296e-01]\n"," [4.10797006e-02 3.99052102e-08 9.58920259e-01]\n"," [4.10796999e-02 3.83571654e-08 9.58920262e-01]\n"," [4.10797015e-02 9.47865671e-10 9.58920298e-01]\n"," [4.10797008e-02 3.62439480e-08 9.58920263e-01]\n"," [4.10797043e-02 3.40368840e-08 9.58920262e-01]\n"," [4.10797345e-02 4.50947907e-10 9.58920265e-01]\n"," [4.10797129e-02 1.47139551e-11 9.58920287e-01]\n"," [4.10797130e-02 1.10673736e-11 9.58920287e-01]\n"," [4.10797127e-02 1.85011337e-09 9.58920285e-01]\n"," [4.10797131e-02 1.67356250e-09 9.58920285e-01]\n"," [4.10797103e-02 3.32341877e-11 9.58920290e-01]\n"," [4.10797377e-02 1.05150458e-10 9.58920262e-01]\n"," [4.10797132e-02 2.75663578e-11 9.58920287e-01]\n"," [4.10797099e-02 3.24882767e-10 9.58920290e-01]\n"," [4.10797139e-02 6.32945470e-11 9.58920286e-01]\n"," [4.10797155e-02 1.70927175e-09 9.58920283e-01]\n"," [4.10797160e-02 2.94786682e-09 9.58920281e-01]\n"," [4.10797160e-02 1.51965527e-10 9.58920284e-01]\n"," [4.10797158e-02 7.55652592e-09 9.58920277e-01]\n"," [4.10797160e-02 4.46461354e-09 9.58920280e-01]\n"," [4.10797158e-02 5.65113542e-09 9.58920279e-01]\n"," [4.10797159e-02 3.30548362e-09 9.58920281e-01]\n"," [4.10797160e-02 5.01861838e-10 9.58920283e-01]\n"," [4.10797159e-02 3.20619835e-09 9.58920281e-01]\n"," [4.10797161e-02 1.27053792e-10 9.58920284e-01]\n"," [4.10797160e-02 3.14003907e-09 9.58920281e-01]\n"," [4.10797159e-02 4.66882318e-09 9.58920279e-01]\n"," [4.10797159e-02 5.46351901e-09 9.58920279e-01]\n"," [4.10797165e-02 2.90569645e-10 9.58920283e-01]\n"," [4.10797164e-02 8.21729045e-11 9.58920284e-01]\n"," [4.10797162e-02 3.62509004e-09 9.58920280e-01]\n"," [4.10797170e-02 1.47085012e-10 9.58920283e-01]\n"," [4.10797166e-02 4.51398397e-11 9.58920283e-01]\n"," [4.10797167e-02 1.23954524e-09 9.58920282e-01]\n"," [4.10797167e-02 1.40048721e-11 9.58920283e-01]\n"," [4.10797168e-02 1.42307281e-11 9.58920283e-01]\n"," [4.10797169e-02 5.08601955e-09 9.58920278e-01]\n"," [4.10797171e-02 5.38192199e-09 9.58920278e-01]\n"," [4.10797172e-02 7.90776316e-10 9.58920282e-01]\n"," [4.10797165e-02 1.39730695e-10 9.58920283e-01]\n"," [4.10797226e-02 5.17305644e-10 9.58920277e-01]\n"," [4.10796837e-02 4.57194020e-09 9.58920312e-01]\n"," [4.10797419e-02 1.60769409e-09 9.58920256e-01]\n"," [4.10797432e-02 1.69946023e-09 9.58920255e-01]\n"," [4.10797151e-02 7.70585797e-09 9.58920277e-01]\n"," [4.10796114e-02 8.40339275e-10 9.58920388e-01]\n"," [4.10792386e-02 1.54620540e-10 9.58920761e-01]\n"," [4.10787577e-02 1.84314628e-10 9.58921242e-01]\n"," [4.10800887e-02 1.10206117e-09 9.58919910e-01]\n"," [4.10844638e-02 1.85969013e-09 9.58915534e-01]\n"," [4.10801610e-02 3.61028593e-08 9.58919803e-01]\n"," [4.10795000e-02 5.66666475e-07 9.58919933e-01]\n"," [4.10787372e-02 5.37317711e-07 9.58920726e-01]\n"," [4.10794559e-02 6.96247774e-07 9.58919848e-01]\n"," [4.10787013e-02 1.26921285e-07 9.58921172e-01]\n"," [4.10780394e-02 1.72801801e-08 9.58921943e-01]\n"," [4.10788004e-02 5.70978422e-07 9.58920629e-01]\n"," [4.10770916e-02 3.33380176e-06 9.58919575e-01]\n"," [4.10760700e-02 1.00660010e-05 9.58913864e-01]\n"," [4.10764625e-02 9.94656947e-07 9.58922543e-01]\n"," [4.10755049e-02 1.15197173e-05 9.58912975e-01]\n"," [4.10752343e-02 1.64525491e-05 9.58908313e-01]\n"," [4.10757270e-02 4.38561058e-06 9.58919887e-01]\n"," [4.10758971e-02 2.43072426e-07 9.58923860e-01]\n"," [4.10756355e-02 6.63257883e-06 9.58917732e-01]\n"," [4.10756521e-02 6.25015314e-06 9.58918098e-01]\n"," [4.10757160e-02 4.65795844e-06 9.58919626e-01]\n"," [4.10752868e-02 1.51382220e-05 9.58909575e-01]\n"," [4.10759056e-02 2.04150742e-07 9.58923890e-01]\n"," [4.10757595e-02 3.87545911e-06 9.58920365e-01]\n"," [4.10754647e-02 1.09511782e-05 9.58913584e-01]\n"," [4.10757361e-02 4.31189686e-06 9.58919952e-01]\n"," [4.10753104e-02 1.47760004e-05 9.58909914e-01]\n"," [4.10753983e-02 1.25742430e-05 9.58912027e-01]\n"," [4.10759013e-02 2.81771331e-07 9.58923817e-01]\n"," [4.10755946e-02 7.27251385e-06 9.58917133e-01]\n"," [4.10760047e-02 4.72122675e-07 9.58923523e-01]\n"," [4.10760100e-02 4.64110944e-07 9.58923526e-01]\n"," [4.10762170e-02 1.23786129e-07 9.58923659e-01]\n"," [4.10761625e-02 3.54794790e-09 9.58923834e-01]\n"," [4.10761703e-02 8.95729771e-10 9.58923829e-01]\n"," [4.10761785e-02 1.52821686e-08 9.58923806e-01]\n"," [4.10764965e-02 1.27981137e-08 9.58923491e-01]\n"," [4.10760751e-02 5.70710615e-09 9.58923919e-01]\n"," [4.10761814e-02 3.99126066e-08 9.58923779e-01]\n"," [4.10764811e-02 2.19196664e-08 9.58923497e-01]\n"," [4.10763539e-02 4.04778935e-07 9.58923241e-01]\n"," [4.10762460e-02 6.67419098e-08 9.58923687e-01]\n"," [4.10777493e-02 2.62782682e-08 9.58922224e-01]\n"," [4.10761476e-02 4.30424341e-07 9.58923422e-01]\n"," [4.10761388e-02 4.81276912e-07 9.58923380e-01]\n"," [4.10761433e-02 1.17697437e-08 9.58923845e-01]\n"," [4.10762862e-02 8.58307137e-07 9.58922855e-01]\n"," [4.10761024e-02 6.39487162e-07 9.58923258e-01]\n"," [4.10771608e-02 1.58815068e-08 9.58922823e-01]\n"," [4.10759399e-02 1.80981892e-08 9.58924042e-01]\n"," [4.10759175e-02 1.40017383e-06 9.58922682e-01]\n"," [4.10759631e-02 2.74997171e-08 9.58924009e-01]\n"," [4.10753094e-02 3.61916246e-06 9.58921071e-01]\n"," [4.10754080e-02 3.90865506e-07 9.58924201e-01]\n"," [4.10753408e-02 1.90183347e-06 9.58922757e-01]\n"," [4.10752424e-02 3.69477071e-06 9.58921063e-01]\n"," [4.10751921e-02 5.46331188e-06 9.58919345e-01]\n"," [4.10752344e-02 3.80668677e-06 9.58920959e-01]\n"," [4.10753839e-02 7.68090685e-08 9.58924539e-01]\n"," [4.10754939e-02 1.20069207e-06 9.58923305e-01]\n"," [4.10754996e-02 1.20135462e-06 9.58923299e-01]\n"," [4.10752482e-02 3.63237586e-06 9.58921119e-01]\n"," [4.10755647e-02 3.15484783e-07 9.58924120e-01]\n"," [4.10761938e-02 7.54687683e-08 9.58923731e-01]\n"," [4.10752915e-02 7.16102830e-07 9.58923992e-01]\n"," [4.10752078e-02 5.03983569e-06 9.58919752e-01]\n"," [4.10766268e-02 3.06110638e-06 9.58920312e-01]\n"," [4.10756433e-02 1.09412713e-06 9.58923263e-01]\n"," [4.10756628e-02 1.08181832e-06 9.58923255e-01]\n"," [4.10749529e-02 3.44994300e-06 9.58921597e-01]\n"," [4.10750774e-02 4.58763164e-07 9.58924464e-01]\n"," [4.10755543e-02 2.66950055e-07 9.58924179e-01]\n"," [4.10751192e-02 3.51959696e-08 9.58924846e-01]\n"," [4.10749504e-02 6.97937578e-07 9.58924352e-01]\n"," [4.10746970e-02 2.14370407e-06 9.58923159e-01]\n"," [4.10743987e-02 7.78967603e-06 9.58917812e-01]\n"," [4.10747047e-02 2.48806810e-07 9.58925046e-01]\n"," [4.10742035e-02 1.26149090e-05 9.58913182e-01]\n"," [4.10742690e-02 5.95769981e-06 9.58919773e-01]\n"," [4.10742451e-02 4.11896567e-06 9.58921636e-01]\n"," [4.10744065e-02 2.42764338e-07 9.58925351e-01]\n"," [4.10739663e-02 1.12669765e-05 9.58914767e-01]\n"," [4.10742107e-02 6.89664930e-06 9.58918893e-01]\n"," [4.10743185e-02 3.83723695e-06 9.58921844e-01]\n"," [4.10744358e-02 2.10435764e-07 9.58925354e-01]\n"," [4.10741817e-02 6.55632093e-06 9.58919262e-01]\n"," [4.10739833e-02 1.13560763e-05 9.58914661e-01]\n"," [4.10742640e-02 4.41607899e-06 9.58921320e-01]\n"," [4.10739593e-02 1.12976619e-05 9.58914743e-01]\n"," [4.10742603e-02 2.43735057e-07 9.58925496e-01]\n"," [4.10735839e-02 4.00460810e-06 9.58922411e-01]\n"," [4.10733171e-02 2.13330957e-06 9.58924550e-01]\n"," [4.10600587e-02 3.65245196e-06 9.58936289e-01]\n"," [4.10601289e-02 4.40678055e-06 9.58935464e-01]\n"," [4.08405814e-02 1.73200291e-07 9.59159245e-01]\n"," [4.12061129e-02 1.92417426e-06 9.58791963e-01]\n"," [4.30690649e-02 7.97020229e-06 9.56922965e-01]\n"," [4.08647938e-02 1.00550025e-05 9.59125151e-01]\n"," [3.73432207e-02 1.81455753e-07 9.62656598e-01]\n"," [6.15313888e-02 1.05585098e-05 9.38458053e-01]\n"," [6.22439351e-02 1.80908769e-05 9.37737974e-01]\n"," [5.80974692e-02 1.01290410e-06 9.41901518e-01]\n"," [3.96904574e-02 1.09790629e-04 9.60199752e-01]\n"," [4.30827257e-02 2.31130805e-04 9.56686143e-01]\n"," [3.64293723e-02 5.31878514e-03 9.58251843e-01]\n"," [3.62466395e-02 2.43439756e-04 9.63509921e-01]\n"," [3.71613959e-02 1.04378302e-02 9.52400774e-01]\n"," [2.40552954e-02 9.65047588e-02 8.79439946e-01]\n"," [2.17574061e-02 7.50637721e-02 9.03178822e-01]\n"," [2.21761542e-02 1.92182475e-02 9.58605598e-01]\n"," [2.11714463e-02 3.47617542e-02 9.44066799e-01]\n"," [1.96518089e-02 9.43892743e-02 8.85958917e-01]\n"," [2.12873339e-02 2.04798397e-02 9.58232826e-01]\n"," [2.19344049e-02 4.83862826e-03 9.73226967e-01]]\n"],"name":"stdout"}]},{"cell_type":"code","metadata":{"id":"ics1qf9BCIAE"},"source":[""],"execution_count":null,"outputs":[]}]}